$ 1 0.000005 0.48711659992454737 50 5 43 5e-11
g 352 384 352 416 0 0
a 384 224 464 224 8 7 0 1000000 1.9999989144430217 2 100000
a 544 240 656 240 8 7 0 1000000 3.608555697846173 2.24354074430936 100000
R 496 256 464 256 0 0 40 3.5 0 0 0.5
r 336 208 256 208 0 100000
w 256 208 256 224 0
w 256 224 256 240 0
r 256 240 336 240 0 56000
r 384 240 384 304 0 56000
g 384 304 384 320 0 0
w 336 240 384 240 0
w 336 208 352 208 0
r 352 208 352 352 0 56000
c 384 176 464 176 0 1e-9 -1.6085567834031511 0.001
w 464 176 464 224 0
w 384 176 384 208 0
w 384 208 352 208 0
w 464 224 496 224 0
r 496 256 544 256 0 56000
w 496 224 544 224 0
w 544 256 544 288 0
r 544 288 656 288 0 100000
w 656 288 656 240 0
r 816 176 880 176 0 100000
g 880 176 880 144 0 0
w 656 288 656 368 0
r 384 368 496 368 0 6800
w 656 368 496 368 0
R 256 208 208 208 0 0 40 4 0 0 0.5
t 384 368 352 368 0 1 -2.0001351629793884 -0.00013648371438950465 100 default
c 768 176 816 176 0 1.0000000000000001e-7 3.52709122279644 0.001
w 464 176 480 176 0
w 656 176 752 176 0
w 752 176 768 176 0
174 624 192 656 160 1 50000 0.9950000000000001 Resistance
w 624 160 624 144 0
w 624 144 480 144 0
w 480 144 480 176 0
r 656 240 736 240 0 4700
r 736 240 800 240 0 4700
g 800 240 800 272 0 0
w 736 240 736 208 0
w 736 208 624 208 0
w 624 208 624 192 0
o 23 1 0 12299 1.3160872882636283 0.0001 0 2 23 3
